Matrix 1:
======================================
  0.70710677  -0.70710677   0.00000000
  0.57735026   0.57735026  -0.57735026
  0.40824828   0.40824828   0.81649655
-90.249237xx -90.249237xx  90.249237xx

Matrix 2:
======================================
   0.00000000 -1.00000000   0.00000000
   1.00000000  0.00000000   0.00000000
   0.00000000  0.00000000   1.00000000
-156.31628xxx  0.00000000   0.00000000

Matrix 3:
======================================
   0.00000000  1.00000000   0.00000000
  -1.00000000  0.00000000   0.00000000
   0.00000000  0.00000000   1.00000000
 156.31628xxx  0.00000000   0.00000000

Matrix 4:
======================================
  1.00000000   0.00000000   0.00000000
  0.00000000   0.00000000  -1.00000000
  0.00000000   1.00000000   0.00000000
  0.00000000   0.00000000 156.31628xxx

Matrix 5:
======================================
  1.00000000  0.00000000    0.00000000
  0.00000000  0.00000000    1.00000000
  0.00000000 -1.00000000    0.00000000
  0.00000000  0.00000000 -156.31628xxx

Matrix 6:
======================================
  1.00000000    0.00000000  0.00000000
  0.00000000    1.00000000  0.00000000
  0.00000000    0.00000000  1.00000000
  0.00000000 -156.31628xxx  0.00000000

Matrix 7:
======================================
 -1.00000000    0.00000000  0.00000000
  0.00000000   -1.00000000  0.00000000
  0.00000000    0.00000000  1.00000000
  0.00000000  156.31628xxx  0.00000000